$ANSIBLE_VAULT;1.1;AES256
37363964656233333462656239343631383833636531346363326431333165633834626431643737
3534303934653930616636623738396161363734373065350a376536663266373763323138653265
63363730316464613838373662323066646638396466316666306662306665633563656433393831
3230323862646638330a363163343333333539646231313230643634393439666561313965616634
65366135383866356538393933663832653865626635376465623039636432616130653530643837
31363936336337306435343236326466333263373163333130353934373834343264633833393563
33313063306434613131396462613962333064383262643332643430396233633364633536366366
33613833313832663534336637306265653364623338353363633436623463643933396461643030
65346664646537383066383639383237646364346137316338636663363436323337386434303637
62396634626362363935323833663132306261353435376432653332353935653836653737623436
65323664363831623966626137666537383764313561386137333832643738343962306162353063
32323565626234323230653466366163663263653034373761326339303263396530336464616239
38633863643838376662646236623331373539623133653035393261643039323033396432613035
65666662346361633531623735356463636265363033663963656234663161303231323063613062
33383931393966313966316535633136373563613664633962663834613933353562323735613263
32353564663931633730316135653934333730383937623835326333383930353034313730633331
36623236613636613564633631316338313733643330363139626334313230376561663037313131
39623533626532303837386236616165313130666633396461313037316263336132306635346533
32343933343266303034386264613439346534646431393430656239366630316235356566323031
36373838323731376162383331346164356534633931366331326336366665616133303933356461
34346535646362636630633930643032613533346635343034626335633466636665313038366230
64356238363338646236666338393635633564353638613930633637393865336566393861633534
30366666666437303635393661383234653363346365333335643737376462646134313363316332
62633735386433363336613965343431613166316331323864393665323036366230383737393435
63663361653638373835663462633236363530343832373130636361326330616237653762336262
62343938656534373333616562666264636636616230383037376139353965323638396165386162
62666438663933383562373432626532616664633737633136393431306231313734383131323138
32306164323964333930613464343337643163383432393532626163626238316539313830386336
37313834346134643331636634366338383836366664636436636664383566636334353566663062
37626334306139643337653232616530626262353236313534393062633736323538646164323864
62343062623866396263643865366561643438613738383036653335663033383431363661663635
31383033346164366661333363393232366364393966366537653563653631353263386235623731
66663536326666613865356633646363363837356231643262376562333830363732316163326463
38336537623636356163353335646135393062313966353232663464666462336235666130643334
33633766346130386665303035333536363831636336623935393661636131373032373362623635
36306133353133626462383265656664393233343039623461633462363039353862366661386534
39663333313363373935333064316266383530346539633339383139303738333962376139383466
30313238353265343034393732306364636535316632353733623035633465303834643130663036
35353064633764643830353466646466353966336234336566303562643930393331633561323732
61343235656335376632623236633366643464376661643638323865636164373766383437383334
39363039393037623834613033393733343430373430346333653030303761643431636632663932
30303239303134616534616131323033336433356132643436323862623039666664633130373830
35303335383461653866363234313033323836343538373866666666363462303061313732306561
61393962623830353363636463656565653931663636666165643132623639356466353563333438
66626364353466363066366662663133366534643738366164363937343639653363616334303039
30353564316537616366633761346238663064353662393261306631373365303737356437323538
33393162633631373461313336633438343835623533306237643131353461363235623033393236
64653666376364343039316663393731313033623131373238303162333461393934316236636630
33343534383738653532336334666636386531376531373931336336616565666261376563333539
64363166373963393436333731386461363930313764656136313437316165346438316338643231
63373638633532616630313963393864613033613936316163343037366566316131656264356136
37613538626663393534376233633539383065636434386430613561363938666230363630363531
34373662613632663431386536663434616139633631383230316433366635363737623239666438
34303830636439633832653561616135663732383262316665383064356438343039613165363961
32636338633639343036323636616666633662373465333966616263313463653332303036363462
37663832333563643536313335353765316164303064663730663739356663666461653931333836
63363534653231316162303064643130646463313332313439653038633032393136646130616635
36366231363661656433393866333036383434626235663766663831396535366664613364353162
62326664383239326330623934383331386163303865306564366635323531393735373763313030
65333439393965646439613164666238376266343533373733343339616336363432326236636434
31313939313736636130386433316366383566303133613963653066623662393837646438623238
61313234616132626561373435623830623665333632623834363838376632656366316435323462
30303066656165626337323038636436323032363766353639343738663631363330323563316561
65663738313734363830363664333761663366356435613565623131646166326331663464343564
36656538363137636363303435326332306437646465396463336133386631636538646461353035
32356430373234643161306339663264383463376131363435303264666162383131636132376162
64336461383536623834373234303830313135363432366563303739623438663138343762333038
35373165626134303737646632636461376434346437303034643266343264306533363434363932
61343137363333356230343363363064396638646662306331376231643735373361383734333737
34663430643533346131396333393061636438316337613930653563393733616332663132346166
35666562373863363263336439353730643038393263316264393963616332313962623763386263
35633332373166616364613763616135383562336236323038303966363432393131383131313732
31663036633864306631363637646133343430313130366630623836306436326130663734643035
36656539636634363533313431326532376533616436376535343265333664663739346436643332
61306332613261356634653462613435366231623332363666633934656564386136613433343032
63643131353832316331323931353432376362626237343237363439396431663239313231653031
61313735373335356434323362346231666565373262363932646338613533343230386434376230
39666130396333373365613161646166386661336461643535613533626237306134346434333736
35306237393838303438616666386161346536346366623438373062383536656532376531376666
32343239323235323761326434386565616438636338356532663663633335393935386166623631
31626430376664663933353062303363623132303133353166356332313431333561613839613462
31623432626238303666306336363865616238306663386663316637383939656333353130313839
35333137303336393335366130613836616532333430656631656436326462373738646234356634
62353232303864363531663962323566303961646335633235303663656532653530343465343836
32626266353966316330333336333664613939336464353132336433303130616663356263666438
62333761313866326461633236333161326336366564663633353832623537316234333237383765
37303961366166386633643736666564383530666665366637313061303338336535643034303932
34363365363134366166666364363731303062333864656534373533366439343364353835666364
34623962623061373035333234366638633761363930616263373962333431636436356464646438
30306564356565613130656266393032356534646263663362383763303464303466316533653337
39646238633663333234666133353132396663316663623433613939643063666339303836656631
39643432396561386131396330353632646538373362616535366132373732363033396464353532
63343163343630343231636664346162656632336461656232333566396133346665663864613762
65383062616333303339336235353136383936636139626466356634653964656163343137326464
36333361356133343030633839373639376637636536616163313763383539383166393364653936
34323361663166393030336436623062333265373736366334303632343139353762666533653533
35393736366662373133373261663161326364303732333761643661353434346630633032633734
62386637616366663938346463326262616563636232666134313762363661666465383839666636
39323537626563363262653162643736613937626566656435393734326163333937313032383662
37653537353731343935313966326133313632646361353934643739623763363633316636373536
35643332646238653233303231353433626362623635653762393939633137653833346137383266
62303166306564636162343439306330313762643836643766616438353339393164616335626134
64373266326131356133666333363632663333373762633637326333313630383631393261643439
30633838356237396565323835333834623132373738373337376664343965663135646565326633
37336133666437643665306234663265316636353637373064386234643232646137333132353734
62663164306630303637646238333861663863663333393236366231656366376338656331383030
65313565353939376333336230353335353839653836346430313937613733376562326533656161
66626664633936343937363866373638653237346633636334336561313437336638336661626363
39336636313733363734616531663831346632363437393663616432666237343835356564333062
39333564663236333438643837653265386239373533326138353862313437646165373265626334
36636235363662333263326466346563633737393935336636363666303062396431323537363030
63306531363335313163323466656630376335336563613963626564373062663138613164316233
39656663333038313230303231343962636230633137356536376239383737616661646566616437
33393239386137396631343932313539633261393533396261663433393361306438663035336239
64363731336461343936336630633061326338333365393861653038393736333662646366363131
32353031383266316161383365323562376534656239383338363536613638623437663931313964
39353462643331656666613830636536613664636136343731376234666165636530343932633165
32346435306566333263613262666261333335316333663739636166323234623264323865336335
39646330326437313663383737303961333462326164333735393861646637303830646331633432
33306433663732366132383862316532316661643165393266353236653830646236383365373137
66666531346234366462636163356564343362643137343563626366353539313366323063653762
38633537396135383938326439363663613131623833306430643733383663623330376131616266
65613864373033303434326137396161643165333162616666356537373232663937316633343663
31623264613735336133623237306134323261653037313561373438303531383766633831343964
31636537616466653735363966306562316131656463303336343265356663363231613261626666
38363361663666646665303931666131613638363964353230346466336261393537653061623330
65343039643165333566653366613866333665303566353065633362313762663631323165373231
37363236623336373931346331396633633262356136313931356138343738656563633836393764
32353161306432383636393139363566633963303861653162313730613330646361336233326133
36393736343364393263343566323730643631336331616532323634653530303862393565643038
35646439343931363263346638393665656562356632656163346139363862376534326139623563
31323233363838356530343264313433353630396634663835393232303938633338663339383939
37643436653762623032303265633465386561373864383433323137623366383464353532356261
31323938303530316366626635356265353163353161376235336263666532393336323730633339
62643231363865613130373665613232316636313734303531336662343565363965376263386133
31666361646139393733346333653939313865353462613466373061366337616362666562303739
36383432626236626362326531336465313164383663316163343931393536313637326465373235
61343761613333656335336563636432666634653862323563373936663765363465363030303166
31626165643362343134306237353664303130663834303063643735393364626365383530353430
39353331316466323562613866663861666531333236366438623133636237663461333439666231
31373337373133613431646161646263376637363164653037353633326364626331366335643762
33343132663536643662646266666162393831373731666563656366653938666636663335663133
66653039326631316366633263363263353135333164303737656436663032623163353261383832
65323465343734333439343165356263616632613334656163636166336661373134313832333963
66303461356332616361323632383731373664393431336361623864343238306136346139366665
33663835393835633435393461376461336464366361313038303464383933316230323230326363
61383831323964633435333839353766613162393636393333343935613235363333363638306436
35303738633738373235333737333863333461306334356138613462343138663534626230326330
33366430346338643131363630643832633438346166373863616233393862333837616235333339
36663461613064653738343433376438396630393366313335343665386261313735363263373037
31613966326665303434383531363166373530656134353734376461356238646534303730346235
63666163666537303435623865346165666436616533663266326337356263343230323161363064
65316635356132323962623338653832336564303130623665373238343637386536303062333165
39663036616434646330386234663036326631636538636139386139656635636364383637623863
66643832306134363537323432306565303533636533346434353237643433393234343261623339
66343836633963306437346162333534373863333030333064313062333665626439623565363836
62626631666261356630363230356364386631643639636130383666336634623263646234353231
31353030393464363061373337656534326134666464363065303538633036303937646233343564
62663235613436323334313833363461376364333734336236316562656130616630353130343561
63386435363236383031636330613836633439373132376266336632646635303432666439303935
32363665326635373533376333373561336139626437373162393437306665303566383135643164
35663439373233393362346230323935313639303236313261356539656232383739316237663638
66633462303633656163646632313234653836343738623762393539623536643363383134373136
30643662313332393730653766343834376664656437346264363432303334633136386261343836
36353738646538326631376362303361306532646636623230356331616330333031373030383161
3730346263363234313237643065343032663634656632643765
